0.345585175741843
-0.360752654843964
0.304932659576841
0.209796926497871
-0.186276244417212
-0.330674072646863
-0.0110742204104663
-0.0696387093904131
-0.0221629254916008
0.0680220679932653
0.359040237452354
-0.134962048381567
-0.171983543308861
-0.0882466338807717
0.492777517350585
-0.25865446870292
-0.0979318006429821
0.0185030761640519
0.170603470294736
0.111226524606521
-0.272850067005493
-0.375365373212844
0.00564990051899228
0.14972018380808
-0.279374671740058
0.442730795617604
0.304644461762221
0.220116390359823
0.155595886521041
-0.00716433661636784
0.457301617367193
0.313192100881108
-0.082859297911176
-0.0337081818722168
-0.256398708980101
0.033360191104207
-0.0236535527510568
-0.307422925106884
0.13570021034684
0.10558466212082
0.0582638024352491
0.338839287287556
0.0458756572085402
0.435617005103268
0.309362236327174
0.128597884579961
-0.347203786484897
-0.19872232787746
-0.0725160538799201
-0.263639375683852
0.197040596161969
-0.0259909227837368
0.493725627311505
-0.124649239820428
0.208038005108925
0.224488973070376
0.22159792704042
0.299040242331102
-0.366349146477827
0.385755823833489
0.176692682318389
0.299764048773795
-0.0955822047310789
0.146904901019298
-0.0366462515836459
0.345569930155762
0.226574267493561
-0.318210121208526
-0.34253508457914
0.364261586568318
-0.172772683267031
-0.443836387828924
0.117096828413196
-0.346861761063337
-0.382964358057591
-0.302140246029012
0.329764679539949
-0.468405680032447
-0.141019739676267
0.437034791335464
0.182348961010575
0.00107597872123616
-0.291998261530771
0.373020351341578
0.220156965980327
-0.40843659278471
-0.289954925638439
-0.387371072662063
-0.00890054501818266
0.0359994748141617
0.371652580332011
-0.150337298517115
0.0383152982685715
0.157699863892049
0.143171734991483
0.0579423595656344
0.315086470334791
0.179886221187189
0.271119738230482
0.316498178406619
0.217900722255869
0.163732301767936
-0.422155651496723
-0.152695473156828
-0.272903203847818
-0.0893911480289566
-0.176563392044045
0.192861742572859
-0.000256846755804452
0.315894245339998
0.355376330089326
0.0468780077062547
0.339627811797731
0.315023167485034
0.28915835020598
0.311975065569271
0.299004949978553
0.104190674493714
0.446477340999991
-0.0701482500673712
0.349137571628083
0.132907160324976
0.220864907372743
0.166958031710237
0.462054891395383
0.311320512439124
0.207933502155356
-0.0996487326282435
-0.38730090926038
0.340280399075709
0.139261869830079
